created_at,party,replies_count,retweets_count,likes_count,avg_len_of_tweet,share_of_tweets,share_unique_users
2021-08-15,AFD,278.0,471.0,1682.0,177.16304347826087,0.021461480142298945,0.6847826086956522
2021-08-15,CDU,12520.0,24679.0,249082.0,160.29380549035616,0.5714702280282266,0.4150423512603327
2021-08-15,FDP,4549.0,3476.0,38675.0,170.63060179257363,0.18218930425147256,0.5966709346991037
2021-08-15,GRUENE,1702.0,3116.0,20471.0,185.68554297135242,0.08753717851519216,0.6708860759493671
2021-08-15,LINKE,332.0,576.0,3627.0,198.62648221343875,0.02950953519566105,0.658102766798419
2021-08-15,SPD,1148.0,1996.0,14589.0,177.31151974040023,0.10783227386714878,0.725797728501893
2021-08-16,AFD,7821.0,16054.0,94816.0,181.58482273659538,0.11512902681733851,0.6075300322297099
2021-08-16,CDU,30584.0,40776.0,351880.0,174.39999413024975,0.574683757800641,0.32559504593079563
2021-08-16,FDP,3179.0,3012.0,29618.0,183.13244916003538,0.09537864732669928,0.5793103448275863
2021-08-16,GRUENE,5554.0,8736.0,59198.0,189.38609784220063,0.10239500758981278,0.5672871026190084
2021-08-16,LINKE,1201.0,1413.0,9016.0,189.42830540037244,0.027171529768932366,0.6101800124146493
2021-08-16,SPD,3566.0,8864.0,54360.0,192.07024139295606,0.08524203069657615,0.6094182825484764
2021-08-17,AFD,7224.0,16655.0,91083.0,180.51803915224073,0.1749554190608282,0.6062125869600389
2021-08-17,CDU,11423.0,11373.0,104674.0,182.4112110058529,0.4691047015199977,0.38991130151451153
2021-08-17,FDP,1489.0,958.0,8182.0,190.63106267029974,0.05194033230490532,0.667574931880109
2021-08-17,GRUENE,3801.0,4439.0,41800.0,195.8220821472143,0.13920575164878712,0.5990239934932899
2021-08-17,LINKE,1360.0,1709.0,8872.0,176.04243542435424,0.04602451244020493,0.6248462484624846
2021-08-17,SPD,3949.0,5370.0,32040.0,197.19733079122975,0.11876928302527669,0.6468064823641564
2021-08-18,AFD,6488.0,12879.0,73847.0,177.58830022075054,0.16763807937829586,0.6245401030169242
2021-08-18,CDU,12106.0,17459.0,116347.0,180.2876630637346,0.4136984611589108,0.4029071934401789
2021-08-18,FDP,1510.0,1925.0,13444.0,184.95182555780934,0.060813519597865975,0.640973630831643
2021-08-18,GRUENE,4254.0,4293.0,27632.0,199.50682479301858,0.1378172510562186,0.564108301633475
2021-08-18,LINKE,1359.0,1073.0,7685.0,184.3575042158516,0.05486168933296327,0.6245081506464306
2021-08-18,SPD,5339.0,9002.0,55124.0,188.91971620612398,0.1651709994757455,0.6045556385362211
2021-08-19,AFD,17887.0,31569.0,191927.0,179.38614214404564,0.26459951570804113,0.5804611362015688
2021-08-19,CDU,9004.0,11633.0,93015.0,177.43156076022268,0.3276203654202962,0.48080245728546744
2021-08-19,FDP,1727.0,1222.0,11124.0,184.46149816657936,0.06003333438158433,0.6804609743321111
2021-08-19,GRUENE,6249.0,7946.0,61616.0,202.86255924170615,0.15261486210258185,0.5584174737275912
2021-08-19,LINKE,1099.0,1633.0,8407.0,196.85284052019165,0.045944841032736876,0.6297056810403833
2021-08-19,SPD,3840.0,5417.0,38124.0,191.49114671163576,0.14918708135475958,0.5961214165261383
2021-08-20,AFD,12249.0,17768.0,101640.0,184.79284347923934,0.2036527796874284,0.6092044559468888
2021-08-20,CDU,15183.0,19001.0,152565.0,172.0414675288164,0.3260461066043357,0.4540342985662075
2021-08-20,FDP,7265.0,3711.0,59321.0,162.12135704677925,0.15332966680416152,0.7078164698849201
2021-08-20,GRUENE,8632.0,9330.0,69674.0,177.48403939717574,0.19311150831843807,0.5172659309362763
2021-08-20,LINKE,813.0,1305.0,6908.0,187.95038167938932,0.024015766075438837,0.691793893129771
2021-08-20,SPD,4592.0,5427.0,51127.0,174.68946522836814,0.09984417251019753,0.711728253385357
2021-08-21,AFD,5801.0,12270.0,67105.0,187.50969771099074,0.12382889412986563,0.6278175781932552
2021-08-21,CDU,36219.0,34297.0,291497.0,161.32287488908608,0.6096241642685591,0.32944099378881986
2021-08-21,FDP,1329.0,1252.0,10686.0,177.98512173128944,0.04799099898305818,0.6889089269612263
2021-08-21,GRUENE,4038.0,3282.0,26306.0,181.09895730867598,0.10998117575783803,0.6206964391107613
2021-08-21,LINKE,740.0,651.0,4053.0,201.70859728506787,0.02390895125170392,0.5864253393665159
2021-08-21,SPD,3560.0,5346.0,33256.0,184.4173268591873,0.08466581560897506,0.6601073345259392
2021-08-22,AFD,7160.0,15148.0,75008.0,190.71723475756122,0.12336880342724024,0.6024963994239079
2021-08-22,CDU,23978.0,38584.0,307038.0,170.97648843382632,0.5206009515724637,0.3466818354190368
2021-08-22,FDP,1979.0,1700.0,15553.0,175.59228321400158,0.0496318085799459,0.6889419252187748
2021-08-22,GRUENE,9852.0,10488.0,80533.0,181.7904361961528,0.1457366789726176,0.552018423191547
2021-08-22,LINKE,1470.0,1443.0,7590.0,194.37875288683603,0.03419343375515764,0.6114318706697459
2021-08-22,SPD,6824.0,6573.0,48056.0,178.26272244770527,0.12646832369257496,0.5889790821105214
2021-08-23,AFD,1779.0,4084.0,14931.0,179.89357429718876,0.05221630973288946,0.5993975903614458
2021-08-23,CDU,12068.0,16166.0,129789.0,180.51006000705965,0.44556869118456577,0.5345334745264149
2021-08-23,FDP,1783.0,1957.0,13470.0,192.01800720288117,0.06550630422815801,0.6530612244897959
2021-08-23,GRUENE,5491.0,6017.0,37603.0,195.50297656744775,0.2069516894282943,0.5266624445851805
2021-08-23,LINKE,1551.0,1344.0,9400.0,190.7454282964389,0.05447062832577525,0.5914340712223292
2021-08-23,SPD,5335.0,4363.0,34300.0,183.24480334978315,0.17528637710031716,0.5745476297293256
2021-08-24,AFD,14.0,6.0,34.0,191.63829787234042,0.13742690058479531,0.7021276595744681
2021-08-24,FDP,6.0,3.0,19.0,170.0,0.16666666666666666,0.9298245614035088
2021-08-24,GRUENE,15.0,5.0,23.0,195.39285714285714,0.24561403508771928,0.8214285714285714
2021-08-24,LINKE,5.0,1.0,5.0,150.96296296296296,0.07894736842105263,0.7777777777777778
2021-08-24,SPD,31.0,18.0,73.0,201.0708661417323,0.3713450292397661,0.7401574803149606
